57.9896160969394	1.54497508
77.4050400678889	1.33488134
30.6531594451168	2.18993695
187.322955343584	0.892548791
43.7352086497478	1.79477527
136.713434883703	1.02204255
113.259506749055	1.1131315
107.33295946042	1.14112513
75.5242508986461	1.35125386
242.103758919621	0.804604392
198.219504317656	0.871960708
121.134158940824	1.07939882
20.9227082482626	2.74759673
47.0761962126194	1.72481627
110.050914543501	1.12798738
124.378339291524	1.06651057
156.770149098007	0.96245596
89.9632132679128	1.2405217
114.59968292254	1.10712986
66.6983742667917	1.43803469
25.6823077419636	2.42845984
195.095800499545	0.877665163
68.9447951752832	1.41418729
211.161145002122	0.849797881
213.226194733213	0.846458964
29.3158933500488	2.24713979
135.378114238402	1.02653312
44.505003436532	1.77785033
181.20891767078	0.90494722
3.82933442789086	9.22001674
192.734906767088	0.8820803
45.2906826334887	1.76108961
151.507356671509	0.976835743
99.5797247254943	1.18194497
224.671713854378	0.828813835
121.379226810395	1.07840554
9.62160768517369	4.56684377
172.240213996255	0.924440205
102.861033685293	1.16403902
71.8026598309523	1.38570106
167.178401763762	0.93623588
8.39460575808713	5.03061
221.213443395154	0.833987492
136.031293474662	1.02432531
186.783145597837	0.893617806
228.578612328002	0.823119218
54.3170538628779	1.59861917
59.9400434793996	1.51876431
13.7213974292141	3.59053287
167.911395787289	0.934491448
164.924152922831	0.941682694
82.7479146875548	1.29177742
131.936794144942	1.03846811
243.407354088262	0.802913535
33.9616948738948	2.06538475
128.601907537916	1.05051822
154.721231809534	0.967960041
115.142702270572	1.10473039
28.0117802529955	2.30748222
61.3434292349147	1.50078134
84.8888458067016	1.27581168
156.939070294092	0.962007182
64.9761383693886	1.45726839
36.3002344752954	1.98927178
225.884772285453	0.827029114
139.907799285475	1.01161132
171.681479209582	0.925714187
63.910795623468	1.46959571
2.47185502247674	13.4252137
199.880630548662	0.868991566
48.4799209772434	1.69789442
112.148906158308	1.11819565
202.434540184874	0.864501315
0.221433097427747	111.41183
217.408035158931	0.839835752
200.596554264882	0.867723194
173.83582311053	0.920841504
143.733083040038	0.999634797
222.660281090798	0.831806794
108.056103386985	1.13757974
119.295447044657	1.0869558
117.435688894199	1.09479313
42.3212791953926	1.82721721
235.996773221983	0.812751639
43.9523806781831	1.78994834
91.2233778159237	1.23226857
141.353991223017	1.00702106
109.339689812237	1.13137492
20.0625113649544	2.81942242
12.5720703540713	3.80457347
31.403226640563	2.15971694
207.328068819113	0.856140043
232.162503977274	0.818038863
70.1238841732813	1.40220885
127.409280434639	1.05494845
175.207419014751	0.917797124
199.189075884665	0.870223354
187.716900901752	0.891771565
56.1692407706726	1.5708195
218.376909149502	0.838329321
131.667327755802	1.03942351
191.521957799094	0.884385833
105.768558629038	1.14894926
103.765037012871	1.15927294
20.4204878204009	2.78887482
168.605374553844	0.932851162
217.691061904011	0.839394746
46.1448582508284	1.74343185
68.7843800556874	1.41584157
175.959854445544	0.916143328
184.260451178226	0.898680916
6.56109575842724	6.02851145
38.1949192458498	1.9335372
92.7900109355911	1.22226255
188.327538235382	0.8905727
237.859974271104	0.810229187
153.826468918568	0.970401596
177.627716709505	0.912521287
57.1586286661923	1.55659655
1.42164951551924	20.270149
46.8406917254314	1.7294608
117.601770224155	1.09408562
171.270435672297	0.926655868
110.198612930467	1.12728855
248.027867747813	0.797038861
173.748518317347	0.921036609
215.254897812995	0.843222485
169.810800114193	0.930028828
246.173370773878	0.799372034
214.165228583463	0.844955616
223.891066655631	0.829969881
74.5821638991968	1.35970814
92.171683463523	1.22618163
242.638174321594	0.803909242
149.788781669765	0.981707776
155.124234248592	0.966867949
140.797244390667	1.0087787
91.5003011926455	1.23048255
178.314371023872	0.911050003
85.9725009014612	1.26797908
184.821709860465	0.897546759
246.833110442152	0.798539236
211.493767872996	0.849256651
40.2271660294754	1.87883394
39.6515226940476	1.89384476
193.918893511777	0.879853532
205.674898890515	0.858931363
163.032718131954	0.946348537
202.722260638229	0.864001389
208.618063283564	0.853985523
216.357700513978	0.841481583
58.7563257753935	1.53449987
138.565301913938	1.01594427
244.385599921656	0.801652785
158.888687350306	0.956888055
99.4218851291249	1.18283148
39.2933141439405	1.90336957
185.649037312537	0.895880756
53.3644672040619	1.61354719
17.5102129714108	3.06915982
233.58991653378	0.816054445
228.947272188762	0.822590563
144.926139963539	0.996006025
4.50080757720115	8.08109117
230.314972888331	0.820641831
129.868729717312	1.04588208
177.050405768056	0.913767366
118.290229752242	1.09116663
26.6225904384493	2.37740664
168.972080689249	0.931988938
179.133652364969	0.909307206
79.2710559376785	1.31927371
24.3193741088925	2.5085682
239.342219050169	0.808246322
162.106326073393	0.948665965
231.692768509006	0.818696892
249.247777319502	0.795520479
129.383913160682	1.0476483
209.488402090489	0.852543478
33.7539121048556	2.07260673
55.4066835228313	1.58207506
137.222526858014	1.02035126
181.597185339061	0.904140902
111.18928216456	1.12263709
17.9462993777227	3.02200295
13.0948226511389	3.70297442
80.069031739442	1.31278302
194.832217683144	0.878152961
95.6442471272546	1.20474307
125.885421805588	1.06070618
164.044898439903	0.943841286
86.7056296132806	1.26277545
14.4580789154065	3.46982659
233.839223673861	0.815709959
90.6666703659957	1.23589058
28.5433840870879	2.28230459
212.975016086768	0.846862524
61.4488126063629	1.4994648
176.898271969222	0.914097886
161.803115504837	0.949429292
227.628660698664	0.824488944
134.846003824319	1.02834635
104.917245015922	1.15329607
52.237269484033	1.63182556
219.486982418128	0.836618011
32.9644250840936	2.10067836
182.796356473605	0.901665517
145.429400356862	0.99448994
203.726735798521	0.862265135
56.3551306673168	1.56811519
218.906650168817	0.837510332
19.2817193343961	2.88953866
214.777281838257	0.84398049
27.5256597709371	2.33124192
32.5925364833176	2.11429087
133.148018389468	1.03421097
147.648715913131	0.987905428
8.03571869030488	5.19162342
76.2667233265571	1.34471337
50.5651663133501	1.66020618
238.526744801726	0.809334997
204.534747257502	0.860877641
150.506018225732	0.979663202
0.940901407347109	29.2153558
63.2468722736838	1.47745612
78.4230797359409	1.3262901
68.0777460699368	1.42322945
26.3476957210784	2.39199808
222.41860342785	0.832169506
241.55580439116	0.805320717
226.81129439498	0.825676345
2.97846562691829	11.4025097
63.1848253015177	1.4781973
122.519553072622	1.07382807
236.418331950876	0.812177809
206.509065146962	0.857519112
212.450663983986	0.84770695
196.259478150022	0.875521787
10.2335584163977	4.37509369
230.738147966201	0.820042283
81.4620922363327	1.30171157
166.321924866828	0.938290182
160.763899625637	0.952062658
240.221834623886	0.807078381
130.389824614202	1.04399602
190.672812120274	0.886016421
181.951204943374	0.903406742
131.022390973095	1.04172272
216.243644074969	0.841661208
152.451529462303	0.974197567
35.5959727235176	2.01128514
38.3603295340259	1.92889945
249.588915047461	0.795098486
197.524277486822	0.87321596
221.265303607322	0.833909051
31.0649343192698	2.17318793
83.7273418411168	1.28438582
193.538585966582	0.880565313
210.095525312995	0.851542583
21.6986501091843	2.6871429
227.150690159471	0.825182352
140.662449676819	1.00920636
53.0797743867611	1.61809507
43.1404932644472	1.80819589
70.8908669748757	1.39458644
174.740136988308	0.91882969
35.058401537578	2.02860456
200.884185331851	0.867215632
51.0518970192059	1.65177459
223.621041795268	0.830371154
165.898690181961	0.939312423
81.2765526197925	1.30316799
143.87057790777	0.999214059
155.996911126847	0.964518591
179.916451849473	0.907653213
237.021495989508	0.811359824
84.0450408746139	1.28201856
244.080247185649	0.802045517
95.0527306451091	1.20830474
54.8972927189095	1.58973767
148.86298621208	0.984370992
36.7868496188313	1.97448558
196.380188200978	0.875300663
5.74830642088587	6.6661643
49.8114752995195	1.67353456
119.534863097337	1.08596102
85.4874076686165	1.27146272
189.677092105009	0.887941859
89.1956558325409	1.24564182
159.681842728981	0.954835523
37.2121243086023	1.96183711
100.622020286588	1.17615586
220.208941511676	0.835514052
190.190349801748	0.886947609
113.176157663536	1.11350816
209.146608276913	0.85310896
106.47723652539	1.14537678
104.010667479578	1.15799098
152.635845242981	0.973685645
15.1568376134386	3.36523314
150.803935536315	0.978818786
201.860506927202	0.865502633
80.2622363453529	1.31122731
60.3751194668838	1.51311526
76.9019754628285	1.33919608
72.9217157143216	1.37504153
24.4887113692439	2.49817567
18.5486417575654	2.96015685
51.574740265144	1.6428818
69.6735178186456	1.40674657
245.403857941928	0.800350682
207.587498239725	0.855705588
113.864075624533	1.1104097
73.4695240900586	1.36992208
133.605585974317	1.03261902
115.930528836873	1.1012807
248.578701366099	0.796351499
234.841648540189	0.814331292
235.400305693225	0.813565857
158.564683688674	0.957730996
87.073165467482	1.26019914
141.940496727469	1.00518087
101.758123440826	1.1699499
230.005008593341	0.821082258
8.92483017575899	4.81516756
105.644604018686	1.14957963
160.623174123919	0.952421291
120.405099750742	1.08237256
102.316832389535	1.16694625
23.0902452346145	2.58781788
87.6315600865194	1.2563132
148.674417966195	0.984916735
58.9282097616997	1.53217682
153.743576273285	0.970629033
146.862550365254	0.990219125
73.9733597545374	1.36526519
4.31190154272505	8.3658033
108.664553662049	1.13462245
145.871763575396	0.993163967
65.5008271954583	1.45131944
82.4582073193634	1.29399313
98.4782929966764	1.18817682
203.831929005989	0.862084333
23.533861655911	2.5583201
123.52624702179	1.06984293
239.618864684778	0.80787848
172.737228797075	0.923312458
128.021958140063	1.05266437
198.084625291515	0.872203886
7.23773410937357	5.60402874
22.1395005177242	2.65451125
5.53165310132853	6.86678716
125.635535222407	1.06166141
14.6400133294552	3.44172432
41.9535614203413	1.83596527
101.046355010411	1.17382574
116.702540459904	1.09793495
111.884299101948	1.11941434
225.262754071692	0.827942131
157.883451157267	0.959514352
240.898128541829	0.806184935
124.599055502657	1.06565372
16.7801085295519	3.15300981
191.987407031782	0.883499106
29.7639248245361	2.22746525
180.215698588252	0.907023447
122.972476359992	1.07202836
11.0211671138203	4.15787285
77.7249127273368	1.33216199
142.776827749822	1.00257886
11.675838883611	3.99817634
67.2748763836427	1.4317827
137.773129769969	1.0185347
88.6165525835567	1.24955727
165.646429862331	0.939923418
49.0381236550164	1.68754808
147.385242444576	0.988678705
15.7899819394453	3.27776679
133.925458023973	1.03151106
232.572150983556	0.817466882
183.251201520998	0.900734702
97.000114853067	1.19671989
65.9589508747515	1.4461886
40.9293666825216	1.86102167
205.396128296017	0.859405789
139.039692263379	1.01440536
247.366431973538	0.797868387
96.7668455759333	1.19808446
170.267081152057	0.928969314
93.2889076292106	1.21913614
163.527066297932	0.945120753
98.1216080814832	1.190214
126.676725701076	1.05770225
72.1311056423212	1.38254509
189.328982985783	0.888618225
185.892056950288	0.895393677
95.708484658476	1.20436011
62.0045947609069	1.49254461
47.6224798906753	1.7141814
93.9240895414499	1.21520172

